17
47091
47192
47707
6720
45006
35554
35470
44896
44907
45005
46244
46243
51140
36327
44941
46221
37718
35333
46751
50536
46536
45303
45464
35556
35360
35974
42152
46202
47316
47730
52819
49526
50302
52391
22542
5630
35514
42238
45149
46099
47182
35562
34362
45054
50535
52840
50357
16534
17249
13756
12684
45049
46733
46028
46601
48284
50072
47519
46783
49382
46734
49432
49327
49401
49362
49830
47526
49739
46521
46391
54331
45051
46602
51097
54335
50958
50955
51714
52552
45846
47109
51096
47703
54298
54278
47336
54309
47708
46208
46635
46617
54292
35565
46974
9661
51730
49357
54337
51095
50029
48517
54079
54626