10
20
8525
8710
1549
26
39509
398
42704
15784
30
19481
2145
37494
1581
16042
1892
58
124
16878
49018
9880
8300
1493
23464
10
20
8525
8710
1549
26
39509
398
42704
15784
30
19481
2145
37494
1581
16042
1892
58
124
16878
49018
9880
8300
1493
23464
10
20
8525
8710
1549
26
39509
398
42704
15784
30
19481
2145
37494
1581
16042
1892
58
124
16878
49018
9880
8300
1493
23464
10
20
8525
8710
1549
26
39509
398
42704
15784
30
19481
2145
37494
1581
16042
1892
58
124
16878
49018
9880
8300
1493
23464
10
20
8525
8710
1549
26
39509
398
42704
15784
30
19481
2145
37494
1581
16042
1892
58
124
16878
49018
9880
8300
1493
23464
10
20
8525
8710
1549
26
39509
398
42704
15784
30
19481
2145
37494
1581
16042
1892
58
124
16878
49018
9880
8300
1493
23464
10
20
8525
8710
1549
26
39509
398
42704
15784
30
19481
2145
37494
1581
16042
1892
58
124
16878
49018
9880
8300
1493
23464
10
20
8525
8710
1549
26
39509
398
42704
15784
30
19481
2145
37494
1581
16042
1892
58
124
16878
49018
9880
8300
1493
23464
10
20
8525
8710
1549
26
39509
398
42704
15784
30
19481
2145
37494
1581
16042
1892
58
124
16878
49018
9880
8300
1493
23464
10
20
8525
8710
1549
26
39509
398
42704
15784
30
19481
2145
37494
1581
16042
1892
58
124
16878
49018
9880
8300
1493
23464
10
20
8525
8710
1549
26
39509
398
42704
15784
30
19481
2145
37494
1581
16042
1892
58
124
16878
49018
9880
8300
1493
23464
10
20
8525
8710
1549
26
39509
398
42704
15784
30
19481
2145
37494
1581
16042
1892
58
124
16878
49018
9880
8300
1493
23464
10
20
8525
8710
1549
26
39509
398
42704
15784
30
19481
2145
37494
1581
16042
1892
58
124
16878
49018
9880
8300
1493
23464
34520
12282
16290
16461
41900
36655
29067
17265
9492
31791
38372
23438
15836
15771
7351